$ 1 0.000049999999999999996 382.76258214399064 59 7 50 5e-11
165 544 48 560 48 6 -0.005520794112793875
v 1040 144 1040 80 0 0 40 5 0 0 0.5
207 1040 80 1040 32 4 GLV\p
207 1040 144 1040 192 4 GLV-
207 -592 144 -592 192 4 TS-
207 -592 80 -592 32 4 TS\p
v -592 144 -592 80 0 0 40 48 0 0 0.5
w -592 144 -496 144 0
v -496 144 -496 80 0 0 40 5 0 0 0.5
207 -496 80 -496 32 4 \p5V
207 640 272 640 320 4 GLV-
207 608 16 608 -32 4 GLV\p
407 32 192 128 192 1
207 128 192 128 144 4 GLV\p
207 288 240 288 288 4 GLV-
g -496 144 -496 160 0 0
207 -16 192 -16 144 4 \p5V
r -16 192 32 192 0 2200
t 240 224 288 224 0 1 0.5775120763076156 0.6067211184827431 100 default
r 288 208 288 144 0 22000
207 288 144 288 96 4 GLV\p
r 160 464 160 528 0 100000
w 288 208 336 208 0
f 208 464 288 464 32 1.5 0.02
207 288 480 288 560 4 GLV-
207 288 352 288 320 4 GLV\p
r 288 352 288 384 0 220.00000000000003
162 288 416 288 448 2 default-led 0 1 0 0.01
r 240 224 160 224 0 22000
207 160 528 160 560 4 GLV-
w 128 224 160 224 0
w 160 224 160 384 0
w 160 384 160 464 0
r 160 464 208 464 0 1000
162 288 384 288 416 2 default-led 0 1 0 0.01
162 880 32 880 64 2 default-led 1 0 0 0.01
r 880 0 880 32 0 220.00000000000003
207 880 0 880 -32 4 GLV\p
162 880 64 880 96 2 default-led 1 0 0 0.01
w 544 176 512 176 0
w 512 176 512 144 0
w 512 144 544 144 0
r 512 144 512 80 0 220000
r 512 80 512 16 0 22000
w 512 16 608 16 0
w 512 80 544 80 0
w 512 176 512 224 0
c 512 224 512 256 0 0.000001 1.602046033379799 0.001
w 608 272 512 272 0
w 512 272 512 256 0
w 640 208 640 272 0
c 608 272 608 208 0 1e-7 -7.999999999999978 0.001
w 608 272 640 272 0
w 672 112 752 112 0
r 752 112 800 112 0 1000
207 752 176 752 208 4 GLV-
207 880 128 880 208 4 GLV-
f 800 112 880 112 32 1.5 0.02
r 752 112 752 176 0 100000
207 -288 272 -288 224 4 TS\p
r -288 272 -288 336 0 1000000
r -288 336 -288 400 0 10000
207 -288 400 -288 432 4 TS-
401 -112 224 -16 224 1 8\s15\s-15\s1000000\s0.4735503252507451\s0.5058581218880959\s100000 0\s20\s10000000000 1\s0
w -16 224 32 224 0
410 -320 32 -320 112 1 ~TL431 0\s40 2\s1e-12\s0.7338347173368662\s0 2\s2e-12\s-0.003355867072069252\s0 0\s1\s-0.003355867072069252\s0.7338347173368662\s140\s~tl431ed-qn_ed 0\s3280 0\s2400 0\s7200 0\s33.333333333333336 2\s1.2e-12\s0.721177336964337\s0 2\s2.4e-12\s-0.000036735728163428405\s0 0\s1\s-0.000036735728163428405\s0.721177336964337\s140\s~tl431ed-qn_ed-A1.2 0\s18.18181818181818 2\s2.2000000000000003e-12\s0.6783258757063061\s0 2\s4.400000000000001e-12\s0.016972377790198112\s0 0\s1\s0.016972377790198112\s0.6783258757063061\s140\s~tl431ed-qn_ed-A2.2 0\s800 0\s40 2\s1e-12\s0.704067425201649\s0 2\s2e-12\s0.017636245686033947\s0 0\s1\s0.017636245686033947\s0.704067425201649\s140\s~tl431ed-qn_ed 0\s4000 0\s40 2\s1e-12\s0.7042156199435627\s0 2\s2e-12\s-0.10024801745122058\s0 0\s1\s-0.10024801745122058\s0.7042156199435627\s140\s~tl431ed-qn_ed 0\s80 2\s5e-13\s0.7207267066276152\s0 2\s1e-12\s-0.7132514581989479\s0 0\s1\s-0.7132514581989479\s0.7207267066276152\s140\s~tl431ed-qn_ed-A0.5 0\s80 2\s1e-12\s-0.7032918705921705\s0 2\s3e-12\s0.00008585860805787604\s0 0\s-1\s0.00008585860805787604\s-0.7032918705921705\s60\s~tl431ed-qp_ed 0\s80 2\s1e-12\s-0.7032132122823931\s0 2\s3e-12\s0.32051826907236425\s0 0\s-1\s0.32051826907236425\s-0.7032132122823931\s60\s~tl431ed-qp_ed 0\s800 0\s800 0\s40 2\s1e-12\s0.707151217021237\s0 2\s2e-12\s-1.0752998184337803\s0 0\s1\s-1.0752998184337803\s0.707151217021237\s140\s~tl431ed-qn_ed 0\s150 0\s8 2\s5e-12\s0.7154904610012416\s0 2\s1e-11\s-1.7937661634139666\s0 0\s1\s-1.7937661634139666\s0.7154904610012416\s140\s~tl431ed-qn_ed-A5 0\s10000 0\s40 2\s1e-12\s-1.0719825186706629\s0 2\s2e-12\s3.064215547965432e-13\s0 0\s1\s3.064215547965432e-13\s-1.0719825186706629\s140\s~tl431ed-qn_ed 2\s~tl431ed-d_ed 0\s1000 2\s~tl431ed-d_ed 2\s1e-11\s1.075278459588645\s0 2\s2e-11\s-0.1002289502268443\s0
w -320 64 -352 64 0
207 -288 128 -288 176 4 TS-
207 -288 -48 -288 -80 4 \p5V
r -288 0 -288 -48 0 2200
w -288 0 -208 0 0
r -208 0 -208 64 0 10000
w -208 128 -288 128 0
w -208 64 -160 64 0
r -352 64 -352 0 0 2200
w -352 0 -288 0 0
174 -208 64 -160 112 1 10000 0.2525 Voltage setpoint
w -160 96 -160 128 0
w -160 128 -208 128 0
w -112 240 -112 336 0
w -112 64 -160 64 0
w -288 336 -224 336 0
w -224 336 -112 336 0
w -112 64 -112 208 0
p -112 64 -48 64 1 0 0
207 -48 64 -48 112 4 TS-
z -224 400 -224 336 2 default-zener
w -224 400 -288 400 0
x -1056 241 -472 244 4 24 Note:\sGround\shas\sto\sbe\shere\sfor\sthe\ssimulation\sto\swork.
w 672 80 672 -64 0
w 672 -64 432 -64 0
w 432 -64 432 208 0
w 432 208 336 208 0
38 6 F1 0 0 600 -1 TS\sVoltage
